lc = 0.002000;
perfilStartpoint = 0;
perfilMidpoint = 33;
perfilEndpoint = 67;
Point(0) = { 0.95476947, -0.25651511, 0.0, lc};
Point(1) = { 0.95159967, -0.25547549, 0.0, lc};
Point(2) = { 0.94208121, -0.25212956, 0.0, lc};
Point(3) = { 0.92649873, -0.24604549, 0.0, lc};
Point(4) = { 0.90538550, -0.23706025, 0.0, lc};
Point(5) = { 0.87924791, -0.22517994, 0.0, lc};
Point(6) = { 0.84870066, -0.21044134, 0.0, lc};
Point(7) = { 0.81447021, -0.19308128, 0.0, lc};
Point(8) = { 0.77721329, -0.17351209, 0.0, lc};
Point(9) = { 0.73752160, -0.15219430, 0.0, lc};
Point(10) = { 0.69595088, -0.12963960, 0.0, lc};
Point(11) = { 0.65300210, -0.10641556, 0.0, lc};
Point(12) = { 0.60903238, -0.08310764, 0.0, lc};
Point(13) = { 0.56430730, -0.06016142, 0.0, lc};
Point(14) = { 0.51910959, -0.03792672, 0.0, lc};
Point(15) = { 0.47373500, -0.01665431, 0.0, lc};
Point(16) = { 0.42856368, 0.00346940, 0.0, lc};
Point(17) = { 0.38402823, 0.02224264, 0.0, lc};
Point(18) = { 0.34055350, 0.03945562, 0.0, lc};
Point(19) = { 0.29855688, 0.05490153, 0.0, lc};
Point(20) = { 0.25839704, 0.06837536, 0.0, lc};
Point(21) = { 0.22038626, 0.07974569, 0.0, lc};
Point(22) = { 0.18482806, 0.08892859, 0.0, lc};
Point(23) = { 0.15200328, 0.09589191, 0.0, lc};
Point(24) = { 0.12218524, 0.10064235, 0.0, lc};
Point(25) = { 0.09562361, 0.10321553, 0.0, lc};
Point(26) = { 0.07251260, 0.10366776, 0.0, lc};
Point(27) = { 0.05297187, 0.10216781, 0.0, lc};
Point(28) = { 0.03716573, 0.09898785, 0.0, lc};
Point(29) = { 0.02526708, 0.09448663, 0.0, lc};
Point(30) = { 0.01832025, 0.08985915, 0.0, lc};
Point(31) = { 0.01672350, 0.08817751, 0.0, lc};
Point(32) = { 0.01556023, 0.08651378, 0.0, lc};
Point(33) = { 0.01505117, 0.08543281, 0.0, lc};
Point(34) = { 0.01482626, 0.08439748, 0.0, lc};
Point(35) = { 0.01493699, 0.08331520, 0.0, lc};
Point(36) = { 0.01533855, 0.08209978, 0.0, lc};
Point(37) = { 0.01636608, 0.08008251, 0.0, lc};
Point(38) = { 0.01785466, 0.07785643, 0.0, lc};
Point(39) = { 0.01862152, 0.07684928, 0.0, lc};
Point(40) = { 0.02740536, 0.06805364, 0.0, lc};
Point(41) = { 0.04097593, 0.05776117, 0.0, lc};
Point(42) = { 0.05916723, 0.04626638, 0.0, lc};
Point(43) = { 0.08183749, 0.03381924, 0.0, lc};
Point(44) = { 0.10885472, 0.02064380, 0.0, lc};
Point(45) = { 0.14008149, 0.00688091, 0.0, lc};
Point(46) = { 0.17529153, -0.00738104, 0.0, lc};
Point(47) = { 0.21420143, -0.02208385, 0.0, lc};
Point(48) = { 0.25641935, -0.03719766, 0.0, lc};
Point(49) = { 0.30148482, -0.05265407, 0.0, lc};
Point(50) = { 0.34889585, -0.06837920, 0.0, lc};
Point(51) = { 0.39811783, -0.08429276, 0.0, lc};
Point(52) = { 0.44855870, -0.10032263, 0.0, lc};
Point(53) = { 0.49959595, -0.11635731, 0.0, lc};
Point(54) = { 0.55058767, -0.13227833, 0.0, lc};
Point(55) = { 0.60089214, -0.14793015, 0.0, lc};
Point(56) = { 0.64987818, -0.16315601, 0.0, lc};
Point(57) = { 0.69693953, -0.17777703, 0.0, lc};
Point(58) = { 0.74149677, -0.19162619, 0.0, lc};
Point(59) = { 0.78300860, -0.20453123, 0.0, lc};
Point(60) = { 0.82095703, -0.21634048, 0.0, lc};
Point(61) = { 0.85486939, -0.22688351, 0.0, lc};
Point(62) = { 0.88432516, -0.23600894, 0.0, lc};
Point(63) = { 0.90896770, -0.24356212, 0.0, lc};
Point(64) = { 0.92850001, -0.24941093, 0.0, lc};
Point(65) = { 0.94276048, -0.25342396, 0.0, lc};
Point(66) = { 0.95166790, -0.25573337, 0.0, lc};
Point(67) = { 0.95476947, -0.25651511, 0.0, lc};
