blStartpoint = 68;
blMidpoint = 101;
blEndpoint = 135;
Point(68) = { 0.96400754, -0.22834828, 0.0, lc };
Point(69) = { 0.96080812, -0.22739902, 0.0, lc };
Point(70) = { 0.95178544, -0.22452307, 0.0, lc };
Point(71) = { 0.93697155, -0.21922256, 0.0, lc };
Point(72) = { 0.91641324, -0.21114765, 0.0, lc };
Point(73) = { 0.89057644, -0.20025629, 0.0, lc };
Point(74) = { 0.86019928, -0.18660928, 0.0, lc };
Point(75) = { 0.82597430, -0.17039759, 0.0, lc };
Point(76) = { 0.78852059, -0.15198462, 0.0, lc };
Point(77) = { 0.74846372, -0.13182114, 0.0, lc };
Point(78) = { 0.70638456, -0.11040920, 0.0, lc };
Point(79) = { 0.66279579, -0.08830384, 0.0, lc };
Point(80) = { 0.61805805, -0.06608097, 0.0, lc };
Point(81) = { 0.57249161, -0.04420917, 0.0, lc };
Point(82) = { 0.52642538, -0.02305551, 0.0, lc };
Point(83) = { 0.48019227, -0.00288079, 0.0, lc };
Point(84) = { 0.43420264, 0.01612706, 0.0, lc };
Point(85) = { 0.38889176, 0.03378031, 0.0, lc };
Point(86) = { 0.34468263, 0.04988455, 0.0, lc };
Point(87) = { 0.30200871, 0.06428688, 0.0, lc };
Point(88) = { 0.26157785, 0.07785600, 0.0, lc };
Point(89) = { 0.22325213, 0.08932623, 0.0, lc };
Point(90) = { 0.18732852, 0.09861093, 0.0, lc };
Point(91) = { 0.15407846, 0.10567422, 0.0, lc };
Point(92) = { 0.12375854, 0.11051781, 0.0, lc };
Point(93) = { 0.09658785, 0.11316894, 0.0, lc };
Point(94) = { 0.07270824, 0.11366584, 0.0, lc };
Point(95) = { 0.05220652, 0.11213848, 0.0, lc };
Point(96) = { 0.03519339, 0.10879141, 0.0, lc };
Point(97) = { 0.02172883, 0.10383974, 0.0, lc };
Point(98) = { 0.01277635, 0.09818172, 0.0, lc };
Point(99) = { 0.00947176, 0.09506317, 0.0, lc };
Point(100) = { 0.00736482, 0.09224399, 0.0, lc };
Point(101) = { 0.00600415, 0.08969325, 0.0, lc };
Point(102) = { 0.00505419, 0.08652039, 0.0, lc };
Point(103) = { 0.00498893, 0.08229731, 0.0, lc };
Point(104) = { 0.00584334, 0.07896273, 0.0, lc };
Point(105) = { 0.00745546, 0.07554371, 0.0, lc };
Point(106) = { 0.00954196, 0.07229774, 0.0, lc };
Point(107) = { 0.01066533, 0.07079130, 0.0, lc };
Point(108) = { 0.02032954, 0.06098732, 0.0, lc };
Point(109) = { 0.03493298, 0.04979356, 0.0, lc };
Point(110) = { 0.05382545, 0.03781265, 0.0, lc };
Point(111) = { 0.07702469, 0.02505357, 0.0, lc };
Point(112) = { 0.10447148, 0.01165563, 0.0, lc };
Point(113) = { 0.13604843, -0.00226974, 0.0, lc };
Point(114) = { 0.17153728, -0.01664957, 0.0, lc };
Point(115) = { 0.21066669, -0.03143829, 0.0, lc };
Point(116) = { 0.25304887, -0.04661254, 0.0, lc };
Point(117) = { 0.29822612, -0.06215531, 0.0, lc };
Point(118) = { 0.34528594, -0.07926303, 0.0, lc };
Point(119) = { 0.39413608, -0.09660863, 0.0, lc };
Point(120) = { 0.44418020, -0.11410039, 0.0, lc };
Point(121) = { 0.49480389, -0.13161012, 0.0, lc };
Point(122) = { 0.54536675, -0.14899985, 0.0, lc };
Point(123) = { 0.59523942, -0.16609783, 0.0, lc };
Point(124) = { 0.64379459, -0.18272870, 0.0, lc };
Point(125) = { 0.69043956, -0.19869876, 0.0, lc };
Point(126) = { 0.73459743, -0.21382359, 0.0, lc };
Point(127) = { 0.77573837, -0.22791748, 0.0, lc };
Point(128) = { 0.81334179, -0.24081167, 0.0, lc };
Point(129) = { 0.84695884, -0.25232830, 0.0, lc };
Point(130) = { 0.87617840, -0.26230567, 0.0, lc };
Point(131) = { 0.90068339, -0.27059004, 0.0, lc };
Point(132) = { 0.92022271, -0.27705324, 0.0, lc };
Point(133) = { 0.93482812, -0.28161192, 0.0, lc };
Point(134) = { 0.94425171, -0.28433766, 0.0, lc };
Point(135) = { 0.94752466, -0.28525924, 0.0, lc };
