mh6_lc = 0.005000;
Point(1) = { 0.99714602, -0.06536681, 0.0, mh6_lc};
Point(2) = { 0.99381517, -0.06518301, 0.0, mh6_lc};
Point(3) = { 0.98375504, -0.06441465, 0.0, mh6_lc};
Point(4) = { 0.96712886, -0.06257094, 0.0, mh6_lc};
Point(5) = { 0.94440949, -0.05935636, 0.0, mh6_lc};
Point(6) = { 0.91608766, -0.05464578, 0.0, mh6_lc};
Point(7) = { 0.88276666, -0.04831559, 0.0, mh6_lc};
Point(8) = { 0.84520947, -0.04040655, 0.0, mh6_lc};
Point(9) = { 0.80415717, -0.03114697, 0.0, mh6_lc};
Point(10) = { 0.76030049, -0.02082853, 0.0, mh6_lc};
Point(11) = { 0.71430866, -0.00980165, 0.0, mh6_lc};
Point(12) = { 0.66681251, 0.00151508, 0.0, mh6_lc};
Point(13) = { 0.61830848, 0.01264860, 0.0, mh6_lc};
Point(14) = { 0.56916846, 0.02323725, 0.0, mh6_lc};
Point(15) = { 0.51975606, 0.03301629, 0.0, mh6_lc};
Point(16) = { 0.47042187, 0.04182005, 0.0, mh6_lc};
Point(17) = { 0.42158133, 0.04956687, 0.0, mh6_lc};
Point(18) = { 0.37370451, 0.05617380, 0.0, mh6_lc};
Point(19) = { 0.32725610, 0.06154818, 0.0, mh6_lc};
Point(20) = { 0.28269278, 0.06559825, 0.0, mh6_lc};
Point(21) = { 0.24041408, 0.06821884, 0.0, mh6_lc};
Point(22) = { 0.20075563, 0.06936382, 0.0, mh6_lc};
Point(23) = { 0.16403233, 0.06903068, 0.0, mh6_lc};
Point(24) = { 0.13052378, 0.06726106, 0.0, mh6_lc};
Point(25) = { 0.10049226, 0.06413215, 0.0, mh6_lc};
Point(26) = { 0.07416971, 0.05974300, 0.0, mh6_lc};
Point(27) = { 0.05172915, 0.05419824, 0.0, mh6_lc};
Point(28) = { 0.03324246, 0.04769190, 0.0, mh6_lc};
Point(29) = { 0.01879794, 0.04052935, 0.0, mh6_lc};
Point(30) = { 0.00846973, 0.03310191, 0.0, mh6_lc};
Point(31) = { 0.00295729, 0.02683414, 0.0, mh6_lc};
Point(32) = { 0.00185019, 0.02479653, 0.0, mh6_lc};
Point(33) = { 0.00115716, 0.02288842, 0.0, mh6_lc};
Point(34) = { 0.00094522, 0.02171253, 0.0, mh6_lc};
Point(35) = { 0.00099593, 0.02065426, 0.0, mh6_lc};
Point(36) = { 0.00138301, 0.01963753, 0.0, mh6_lc};
Point(37) = { 0.00208546, 0.01856744, 0.0, mh6_lc};
Point(38) = { 0.00360009, 0.01688486, 0.0, mh6_lc};
Point(39) = { 0.00561409, 0.01511990, 0.0, mh6_lc};
Point(40) = { 0.00661550, 0.01434555, 0.0, mh6_lc};
Point(41) = { 0.01737651, 0.00812303, 0.0, mh6_lc};
Point(42) = { 0.03314856, 0.00169359, 0.0, mh6_lc};
Point(43) = { 0.05369508, -0.00470127, 0.0, mh6_lc};
Point(44) = { 0.07881443, -0.01085679, 0.0, mh6_lc};
Point(45) = { 0.10832112, -0.01659070, 0.0, mh6_lc};
Point(46) = { 0.14204596, -0.02180255, 0.0, mh6_lc};
Point(47) = { 0.17974752, -0.02646551, 0.0, mh6_lc};
Point(48) = { 0.22113696, -0.03059671, 0.0, mh6_lc};
Point(49) = { 0.26582808, -0.03426873, 0.0, mh6_lc};
Point(50) = { 0.31335840, -0.03753467, 0.0, mh6_lc};
Point(51) = { 0.36322390, -0.04045311, 0.0, mh6_lc};
Point(52) = { 0.41488741, -0.04308484, 0.0, mh6_lc};
Point(53) = { 0.46775839, -0.04551345, 0.0, mh6_lc};
Point(54) = { 0.52120667, -0.04779234, 0.0, mh6_lc};
Point(55) = { 0.57458155, -0.04997324, 0.0, mh6_lc};
Point(56) = { 0.62722292, -0.05207198, 0.0, mh6_lc};
Point(57) = { 0.67848055, -0.05410052, 0.0, mh6_lc};
Point(58) = { 0.72772251, -0.05604296, 0.0, mh6_lc};
Point(59) = { 0.77434593, -0.05788796, 0.0, mh6_lc};
Point(60) = { 0.81778335, -0.05960922, 0.0, mh6_lc};
Point(61) = { 0.85749518, -0.06119431, 0.0, mh6_lc};
Point(62) = { 0.89298074, -0.06260093, 0.0, mh6_lc};
Point(63) = { 0.92379466, -0.06379170, 0.0, mh6_lc};
Point(64) = { 0.94955244, -0.06470955, 0.0, mh6_lc};
Point(65) = { 0.96993298, -0.06530373, 0.0, mh6_lc};
Point(66) = { 0.98474619, -0.06548915, 0.0, mh6_lc};
Point(67) = { 0.99394781, -0.06541446, 0.0, mh6_lc};
Point(68) = { 0.99714602, -0.06536681, 0.0, mh6_lc};
Spline(1) = {1:68,1};

Line Loop(1) = {1};